p21d  360  9  0
1	0	0	5
2	110	0	5
3	110	110	5
4	0	110	5
5	-110	110	5
6	-110	0	5
7	-110	-110	5
8	0	-110	5
9	110	-110	5
1	-10	-10	0
2	-10	0	0
3	-10	10	0
4	0	-10	0
5	0	10	0
6	10	-10	0
7	10	0	0
8	10	10	0
9	-20	-20	0
10	-20	0	0
11	-20	20	0
12	0	-20	0
13	0	20	0
14	20	-20	0
15	20	0	0
16	20	20	0
17	-30	-30	0
18	-30	0	0
19	-30	30	0
20	0	-30	0
21	0	30	0
22	30	-30	0
23	30	0	0
24	30	30	0
25	-40	-40	0
26	-40	0	0
27	-40	40	0
28	0	-40	0
29	0	40	0
30	40	-40	0
31	40	0	0
32	40	40	0
33	-50	-50	0
34	-50	0	0
35	-50	50	0
36	0	-50	0
37	0	50	0
38	50	-50	0
39	50	0	0
40	50	50	0
41	100	-10	0
42	100	0	0
43	100	10	0
44	110	-10	0
45	110	10	0
46	120	-10	0
47	120	0	0
48	120	10	0
49	90	-20	0
50	90	0	0
51	90	20	0
52	110	-20	0
53	110	20	0
54	130	-20	0
55	130	0	0
56	130	20	0
57	80	-30	0
58	80	0	0
59	80	30	0
60	110	-30	0
61	110	30	0
62	140	-30	0
63	140	0	0
64	140	30	0
65	70	-40	0
66	70	0	0
67	70	40	0
68	110	-40	0
69	110	40	0
70	150	-40	0
71	150	0	0
72	150	40	0
73	60	-50	0
74	60	0	0
75	60	50	0
76	110	-50	0
77	110	50	0
78	160	-50	0
79	160	0	0
80	160	50	0
81	100	100	0
82	100	110	0
83	100	120	0
84	110	100	0
85	110	120	0
86	120	100	0
87	120	110	0
88	120	120	0
89	90	90	0
90	90	110	0
91	90	130	0
92	110	90	0
93	110	130	0
94	130	90	0
95	130	110	0
96	130	130	0
97	80	80	0
98	80	110	0
99	80	140	0
100	110	80	0
101	110	140	0
102	140	80	0
103	140	110	0
104	140	140	0
105	70	70	0
106	70	110	0
107	70	150	0
108	110	70	0
109	110	150	0
110	150	70	0
111	150	110	0
112	150	150	0
113	60	60	0
114	60	110	0
115	60	160	0
116	110	60	0
117	110	160	0
118	160	60	0
119	160	110	0
120	160	160	0
121	-10	100	0
122	-10	110	0
123	-10	120	0
124	0	100	0
125	0	120	0
126	10	100	0
127	10	110	0
128	10	120	0
129	-20	90	0
130	-20	110	0
131	-20	130	0
132	0	90	0
133	0	130	0
134	20	90	0
135	20	110	0
136	20	130	0
137	-30	80	0
138	-30	110	0
139	-30	140	0
140	0	80	0
141	0	140	0
142	30	80	0
143	30	110	0
144	30	140	0
145	-40	70	0
146	-40	110	0
147	-40	150	0
148	0	70	0
149	0	150	0
150	40	70	0
151	40	110	0
152	40	150	0
153	-50	60	0
154	-50	110	0
155	-50	160	0
156	0	60	0
157	0	160	0
158	50	60	0
159	50	110	0
160	50	160	0
161	-120	100	0
162	-120	110	0
163	-120	120	0
164	-110	100	0
165	-110	120	0
166	-100	100	0
167	-100	110	0
168	-100	120	0
169	-130	90	0
170	-130	110	0
171	-130	130	0
172	-110	90	0
173	-110	130	0
174	-90	90	0
175	-90	110	0
176	-90	130	0
177	-140	80	0
178	-140	110	0
179	-140	140	0
180	-110	80	0
181	-110	140	0
182	-80	80	0
183	-80	110	0
184	-80	140	0
185	-150	70	0
186	-150	110	0
187	-150	150	0
188	-110	70	0
189	-110	150	0
190	-70	70	0
191	-70	110	0
192	-70	150	0
193	-160	60	0
194	-160	110	0
195	-160	160	0
196	-110	60	0
197	-110	160	0
198	-60	60	0
199	-60	110	0
200	-60	160	0
201	-120	-10	0
202	-120	0	0
203	-120	10	0
204	-110	-10	0
205	-110	10	0
206	-100	-10	0
207	-100	0	0
208	-100	10	0
209	-130	-20	0
210	-130	0	0
211	-130	20	0
212	-110	-20	0
213	-110	20	0
214	-90	-20	0
215	-90	0	0
216	-90	20	0
217	-140	-30	0
218	-140	0	0
219	-140	30	0
220	-110	-30	0
221	-110	30	0
222	-80	-30	0
223	-80	0	0
224	-80	30	0
225	-150	-40	0
226	-150	0	0
227	-150	40	0
228	-110	-40	0
229	-110	40	0
230	-70	-40	0
231	-70	0	0
232	-70	40	0
233	-160	-50	0
234	-160	0	0
235	-160	50	0
236	-110	-50	0
237	-110	50	0
238	-60	-50	0
239	-60	0	0
240	-60	50	0
241	-120	-120	0
242	-120	-110	0
243	-120	-100	0
244	-110	-120	0
245	-110	-100	0
246	-100	-120	0
247	-100	-110	0
248	-100	-100	0
249	-130	-130	0
250	-130	-110	0
251	-130	-90	0
252	-110	-130	0
253	-110	-90	0
254	-90	-130	0
255	-90	-110	0
256	-90	-90	0
257	-140	-140	0
258	-140	-110	0
259	-140	-80	0
260	-110	-140	0
261	-110	-80	0
262	-80	-140	0
263	-80	-110	0
264	-80	-80	0
265	-150	-150	0
266	-150	-110	0
267	-150	-70	0
268	-110	-150	0
269	-110	-70	0
270	-70	-150	0
271	-70	-110	0
272	-70	-70	0
273	-160	-160	0
274	-160	-110	0
275	-160	-60	0
276	-110	-160	0
277	-110	-60	0
278	-60	-160	0
279	-60	-110	0
280	-60	-60	0
281	-10	-120	0
282	-10	-110	0
283	-10	-100	0
284	0	-120	0
285	0	-100	0
286	10	-120	0
287	10	-110	0
288	10	-100	0
289	-20	-130	0
290	-20	-110	0
291	-20	-90	0
292	0	-130	0
293	0	-90	0
294	20	-130	0
295	20	-110	0
296	20	-90	0
297	-30	-140	0
298	-30	-110	0
299	-30	-80	0
300	0	-140	0
301	0	-80	0
302	30	-140	0
303	30	-110	0
304	30	-80	0
305	-40	-150	0
306	-40	-110	0
307	-40	-70	0
308	0	-150	0
309	0	-70	0
310	40	-150	0
311	40	-110	0
312	40	-70	0
313	-50	-160	0
314	-50	-110	0
315	-50	-60	0
316	0	-160	0
317	0	-60	0
318	50	-160	0
319	50	-110	0
320	50	-60	0
321	100	-120	0
322	100	-110	0
323	100	-100	0
324	110	-120	0
325	110	-100	0
326	120	-120	0
327	120	-110	0
328	120	-100	0
329	90	-130	0
330	90	-110	0
331	90	-90	0
332	110	-130	0
333	110	-90	0
334	130	-130	0
335	130	-110	0
336	130	-90	0
337	80	-140	0
338	80	-110	0
339	80	-80	0
340	110	-140	0
341	110	-80	0
342	140	-140	0
343	140	-110	0
344	140	-80	0
345	70	-150	0
346	70	-110	0
347	70	-70	0
348	110	-150	0
349	110	-70	0
350	150	-150	0
351	150	-110	0
352	150	-70	0
353	60	-160	0
354	60	-110	0
355	60	-60	0
356	110	-160	0
357	110	-60	0
358	160	-160	0
359	160	-110	0
360	160	-60	0
